Energy of initial configuration:    14.407
Count Temp.   E[1].   Eave.   Evar.  spheat
warmup -------   30.501   32.778   16.799    0.028

Incidence matrix:

0 0 0 0 0 1 0 0 1 0 1 1
0 0 0 0 0 1 0 0 1 0 1 1
0 0 0 0 0 0 0 0 0 1 0 1
0 0 0 0 0 0 0 0 0 1 0 1
0 0 0 0 0 0 0 0 0 1 0 1
0 0 0 0 0 0 0 0 1 0 0 0
0 0 0 0 0 0 0 0 0 1 0 1
0 0 0 0 0 0 0 0 0 1 0 1
0 0 0 0 0 0 0 0 0 0 0 0
0 0 0 0 0 0 0 0 0 0 0 0
0 0 0 0 0 0 0 0 0 0 0 0
0 0 0 0 0 0 0 0 0 0 0 0

dimension:  2

i= 1 X=   -6.130  -21.635  R=   6.026
i= 2 X=    4.999   -3.411  R=   3.690
i= 3 X=    4.687  -24.141  R=  14.563
i= 4 X=   -0.718    2.608  R=   5.201
i= 5 X=   -3.219    5.509  R=   3.627
i= 6 X=    3.982  -13.358  R=   6.538
i= 7 X=    0.415    1.519  R=   1.000
i= 8 X=   -1.864    3.220  R=   1.610
i= 9 X=   -8.262    0.824  R=   8.083
i=10 X=  -11.384   17.314  R=  12.663
i=11 X=    2.869   16.669  R=   3.363
i=12 X=   20.451   32.337  R=  30.181

Energy matrix:

    4.881317     0.000000     0.000000     0.000000     0.000000     1.103591     0.000000     0.000000     1.802061     0.000000     3.692282     3.164699
    0.000000     2.181931     0.000000     0.000000     0.000000     0.628451     0.000000     0.000000     0.837370     0.000000     1.803497     1.094543
    0.000000     0.000000     3.927761     0.000000     0.000000     0.000000     0.000000     0.000000     0.000000     4.074659     0.000000     3.780863
    0.000000     0.000000     0.000000     1.192715     0.000000     0.000000     0.231059     0.201462     0.000000     0.940812     0.000000     1.012098
    0.000000     0.000000     0.000000     0.000000     0.638987     0.000000     0.000000     0.000000     0.000000     0.467350     0.000000     0.810623
    0.000000     0.000000     0.000000     0.000000     0.000000     1.621466     0.000000     0.000000     1.510890     0.000000     0.000000     0.000000
    0.000000     0.000000     0.000000     0.000000     0.000000     0.000000     0.802362     0.000000     0.000000     0.707739     0.000000     0.665925
    0.000000     0.000000     0.000000     0.000000     0.000000     0.000000     0.000000     0.718939     0.000000     0.523352     0.000000     0.713065
    0.000000     0.000000     0.000000     0.000000     0.000000     0.000000     0.000000     0.000000     2.075160     0.000000     0.000000     0.000000
    0.000000     0.000000     0.000000     0.000000     0.000000     0.000000     0.000000     0.000000     0.000000     3.356956     0.000000     0.000000
    0.000000     0.000000     0.000000     0.000000     0.000000     0.000000     0.000000     0.000000     0.000000     0.000000     2.891494     0.287209
    0.000000     0.000000     0.000000     0.000000     0.000000     0.000000     0.000000     0.000000     0.000000     0.000000     0.000000     5.764513

Total energy: 30.053601
Schedule: warmup_limit=100 anneal_limit=100 initial_temp=100.000 cooling_factor=0.900000 acceptance_scale=4.000
