Energy of initial configuration:    14.407
Count Temp.   E[1].   Eave.   Evar.  spheat
warmup -------   30.501   32.778   16.799    0.009

Incidence matrix:

0 0 0 0 0 1 0 0 1 0 1 1
0 0 0 0 0 1 0 0 1 0 1 1
0 0 0 0 0 0 0 0 0 1 0 1
0 0 0 0 0 0 0 0 0 1 0 1
0 0 0 0 0 0 0 0 0 1 0 1
0 0 0 0 0 0 0 0 1 0 0 0
0 0 0 0 0 0 0 0 0 1 0 1
0 0 0 0 0 0 0 0 0 1 0 1
0 0 0 0 0 0 0 0 0 0 0 0
0 0 0 0 0 0 0 0 0 0 0 0
0 0 0 0 0 0 0 0 0 0 0 0
0 0 0 0 0 0 0 0 0 0 0 0

dimension:  2

i= 1 X=  -14.591   10.062  R=   1.351
i= 2 X=  -20.507  -11.672  R=  25.841
i= 3 X=    2.138    0.599  R=   1.000
i= 4 X=    1.388    4.048  R=   1.103
i= 5 X=    0.824    2.170  R=   2.388
i= 6 X=   38.752  -26.745  R=  37.880
i= 7 X=    0.276   -2.456  R=   1.319
i= 8 X=   -1.228    0.997  R=   1.861
i= 9 X=   61.812  -16.454  R=  25.900
i=10 X=   35.039    7.917  R=  32.429
i=11 X=  -34.075   14.680  R=  37.319
i=12 X=    6.714   21.379  R=  37.997

Energy matrix:

    1.779605     0.080768     0.000000     0.000000     0.000000     1.162736     0.000000     0.000000     2.315705     0.000000     0.000000     0.000000
    0.000000     3.802808     0.000000     0.000000     0.000000     2.018971     0.073459     0.037440     3.387682     0.000000     0.746674     1.260621
    0.000000     0.000000     0.046809     0.000000     0.000000     0.000000     0.000000     0.000000     0.000000     0.093618     0.000000     0.000000
    0.000000     0.000000     0.000000     0.052370     0.000000     0.000000     0.000000     0.000000     0.000000     0.104740     0.000000     0.000000
    0.000000     0.000000     0.000000     0.000000     0.095662     0.000000     0.000000     0.000000     0.000000     0.191324     0.000000     0.000000
    0.000000     0.000000     0.000000     0.000000     0.000000     2.356208     0.000000     0.000000     1.530709     0.000000     0.000000     0.000000
    0.000000     0.000000     0.000000     0.000000     0.000000     0.000000     0.142976     0.000000     0.000000     0.212494     0.000000     0.000000
    0.000000     0.000000     0.000000     0.000000     0.000000     0.000000     0.000000     0.149340     0.000000     0.261241     0.000000     0.000000
    0.000000     0.000000     0.000000     0.000000     0.000000     0.000000     0.000000     0.000000     3.617048     0.000000     0.000000     0.000000
    0.000000     0.000000     0.000000     0.000000     0.000000     0.000000     0.000000     0.000000     0.000000     0.431708     0.000000     0.000000
    0.000000     0.000000     0.000000     0.000000     0.000000     0.000000     0.000000     0.000000     0.000000     0.000000     0.373337     0.000000
    0.000000     0.000000     0.000000     0.000000     0.000000     0.000000     0.000000     0.000000     0.000000     0.000000     0.000000     0.630310

Total energy: 13.478182
Schedule: warmup_limit=100 anneal_limit=100 initial_temp=180.000 cooling_factor=0.900000 acceptance_scale=4.000
