Energy of initial configuration:     2.970
Count Temp.   E[1].   Eave.   Evar.  spheat
warmup -------    2.044    8.624    4.861    0.002

Incidence matrix:

0 0 0 1 0 1
0 0 0 1 0 1
0 0 0 0 0 0
0 0 0 0 0 0
0 0 0 0 0 0
0 0 0 0 0 0

dimension:  2

i= 1 X=    6.938    9.330  R=   3.084
i= 2 X=    6.510   12.286  R=   1.717
i= 3 X=   -3.852    1.777  R=   1.000
i= 4 X=    9.761    8.330  R=   8.469
i= 5 X=    1.773    6.495  R=   3.175
i= 6 X=    1.219   14.905  R=  11.603

Energy matrix:

    0.000000     0.000000     0.000000     0.000000     0.000000     0.000000
    0.000000     0.000000     0.000000     0.000000     0.000000     0.000000
    0.000000     0.000000     0.000000     0.000000     0.000000     0.000000
    0.000000     0.000000     0.000000     0.000000     0.000000     0.000000
    0.000000     0.000000     0.000000     0.000000     0.000000     0.000000
    0.000000     0.000000     0.000000     0.000000     0.000000     0.000000

Total energy: 0.000000
Schedule: warmup_limit=100 anneal_limit=100 initial_temp=100.000 cooling_factor=0.900000 acceptance_scale=4.000
