Energy of initial configuration:    14.407
Count Temp.   E[1].   Eave.   Evar.  spheat
warmup -------   30.501   32.778   16.799    0.009

Incidence matrix:

0 0 0 0 0 1 0 0 1 0 1 1
0 0 0 0 0 1 0 0 1 0 1 1
0 0 0 0 0 0 0 0 0 1 0 1
0 0 0 0 0 0 0 0 0 1 0 1
0 0 0 0 0 0 0 0 0 1 0 1
0 0 0 0 0 0 0 0 1 0 0 0
0 0 0 0 0 0 0 0 0 1 0 1
0 0 0 0 0 0 0 0 0 1 0 1
0 0 0 0 0 0 0 0 0 0 0 0
0 0 0 0 0 0 0 0 0 0 0 0
0 0 0 0 0 0 0 0 0 0 0 0
0 0 0 0 0 0 0 0 0 0 0 0

dimension:  2

i= 1 X=  -52.714  -24.020  R=   3.753
i= 2 X=  -46.058  -21.238  R=   2.285
i= 3 X=    2.325   -0.775  R=   1.000
i= 4 X=    2.353   -6.422  R=   5.511
i= 5 X=  -11.711   -5.749  R=  15.543
i= 6 X=  -59.602  -36.585  R=  33.619
i= 7 X=    2.601   -7.922  R=   5.984
i= 8 X=    6.821   11.028  R=  11.482
i= 9 X=  -89.905    6.833  R=  91.235
i=10 X=  -19.285   13.255  R=  37.746
i=11 X=  -43.385  -12.987  R=  44.647
i=12 X=   -9.683   -2.606  R=  51.818

Energy matrix:

    0.000000     0.000000     0.000000     0.000000     0.000000     0.000000     0.000000     0.000000     0.000000     0.000000     0.000000     0.000000
    0.000000     0.000000     0.000000     0.000000     0.000000     0.000000     0.000000     0.000000     0.000000     0.000000     0.000000     0.000000
    0.000000     0.000000     0.000000     0.000000     0.000000     0.000000     0.000000     0.000000     0.000000     0.000000     0.000000     0.000000
    0.000000     0.000000     0.000000     0.000000     0.000000     0.000000     0.000000     0.000000     0.000000     0.000000     0.000000     0.000000
    0.000000     0.000000     0.000000     0.000000     0.000000     0.000000     0.000000     0.000000     0.000000     0.000000     0.000000     0.000000
    0.000000     0.000000     0.000000     0.000000     0.000000     0.000000     0.000000     0.000000     0.000000     0.000000     0.000000     0.000000
    0.000000     0.000000     0.000000     0.000000     0.000000     0.000000     0.000000     0.000000     0.000000     0.000000     0.000000     0.000000
    0.000000     0.000000     0.000000     0.000000     0.000000     0.000000     0.000000     0.000000     0.000000     0.000000     0.000000     0.000000
    0.000000     0.000000     0.000000     0.000000     0.000000     0.000000     0.000000     0.000000     0.000000     0.000000     0.000000     0.000000
    0.000000     0.000000     0.000000     0.000000     0.000000     0.000000     0.000000     0.000000     0.000000     0.000000     0.000000     0.000000
    0.000000     0.000000     0.000000     0.000000     0.000000     0.000000     0.000000     0.000000     0.000000     0.000000     0.000000     0.000000
    0.000000     0.000000     0.000000     0.000000     0.000000     0.000000     0.000000     0.000000     0.000000     0.000000     0.000000     0.000000

Total energy: 0.000000
Schedule: warmup_limit=100 anneal_limit=100 initial_temp=180.000 cooling_factor=0.800000 acceptance_scale=4.000
