Energy of initial configuration:    14.407
Count Temp.   E[1].   Eave.   Evar.  spheat
warmup -------   30.501   32.778   16.799    0.028

Incidence matrix:

0 0 0 0 0 1 0 0 1 0 1 1
0 0 0 0 0 1 0 0 1 0 1 1
0 0 0 0 0 0 0 0 0 1 0 1
0 0 0 0 0 0 0 0 0 1 0 1
0 0 0 0 0 0 0 0 0 1 0 1
0 0 0 0 0 0 0 0 1 0 0 0
0 0 0 0 0 0 0 0 0 1 0 1
0 0 0 0 0 0 0 0 0 1 0 1
0 0 0 0 0 0 0 0 0 0 0 0
0 0 0 0 0 0 0 0 0 0 0 0
0 0 0 0 0 0 0 0 0 0 0 0
0 0 0 0 0 0 0 0 0 0 0 0

dimension:  2

i= 1 X=  -15.831   25.356  R=   1.313
i= 2 X=  -18.120   12.129  R=   2.659
i= 3 X=    5.789    1.475  R=   1.418
i= 4 X=   -1.742    0.139  R=   5.183
i= 5 X=    1.121    1.781  R=   3.560
i= 6 X=   -8.729   22.092  R=  18.031
i= 7 X=   -9.914   -0.693  R=   6.241
i= 8 X=    5.857    1.891  R=   1.000
i= 9 X=   -8.097   19.208  R=  22.309
i=10 X=  -10.434   -3.880  R=  20.416
i=11 X=  -18.968    9.386  R=  19.789
i=12 X=   -8.901    8.773  R=  19.291

Energy matrix:

    0.000000     0.000000     0.000000     0.000000     0.000000     0.000000     0.000000     0.000000     0.000000     0.000000     0.000000     0.000000
    0.000000     0.000000     0.000000     0.000000     0.000000     0.000000     0.000000     0.000000     0.000000     0.000000     0.000000     0.000000
    0.000000     0.000000     0.000000     0.000000     0.000000     0.000000     0.000000     0.000000     0.000000     0.000000     0.000000     0.000000
    0.000000     0.000000     0.000000     0.000000     0.000000     0.000000     0.000000     0.000000     0.000000     0.000000     0.000000     0.000000
    0.000000     0.000000     0.000000     0.000000     0.000000     0.000000     0.000000     0.000000     0.000000     0.000000     0.000000     0.000000
    0.000000     0.000000     0.000000     0.000000     0.000000     0.000000     0.000000     0.000000     0.000000     0.000000     0.000000     0.000000
    0.000000     0.000000     0.000000     0.000000     0.000000     0.000000     0.000000     0.000000     0.000000     0.000000     0.000000     0.000000
    0.000000     0.000000     0.000000     0.000000     0.000000     0.000000     0.000000     0.000000     0.000000     0.000000     0.000000     0.000000
    0.000000     0.000000     0.000000     0.000000     0.000000     0.000000     0.000000     0.000000     0.000000     0.000000     0.000000     0.000000
    0.000000     0.000000     0.000000     0.000000     0.000000     0.000000     0.000000     0.000000     0.000000     0.000000     0.000000     0.000000
    0.000000     0.000000     0.000000     0.000000     0.000000     0.000000     0.000000     0.000000     0.000000     0.000000     0.000000     0.000000
    0.000000     0.000000     0.000000     0.000000     0.000000     0.000000     0.000000     0.000000     0.000000     0.000000     0.000000     0.000000

Total energy: 0.000000
Schedule: warmup_limit=100 anneal_limit=100 initial_temp=100.000 cooling_factor=0.800000 acceptance_scale=4.000
