Energy of initial configuration:     2.652
Count Temp.   E[1].   Eave.   Evar.  spheat
warmup -------  150.987   78.253   33.001    0.109

Incidence matrix:

0 0 0 0 1 1 1 1 1 1 1 1
0 0 0 0 1 1 1 1 1 1 1 1
0 0 0 0 1 1 1 1 1 1 1 1
0 0 0 0 1 1 1 1 1 1 1 1
0 0 0 0 0 0 0 0 1 1 1 1
0 0 0 0 0 0 0 0 1 1 1 1
0 0 0 0 0 0 0 0 1 1 1 1
0 0 0 0 0 0 0 0 1 1 1 1
0 0 0 0 0 0 0 0 0 0 0 0
0 0 0 0 0 0 0 0 0 0 0 0
0 0 0 0 0 0 0 0 0 0 0 0
0 0 0 0 0 0 0 0 0 0 0 0

dimension:  2

i= 1 X=   11.396    7.840  R=   1.000
i= 2 X=   27.659    2.938  R=  17.985
i= 3 X=    4.646  -15.881  R=  19.399
i= 4 X=   10.458  -28.172  R=   5.947
i= 5 X=   15.015  -26.258  R=  79.484
i= 6 X=   23.703   45.512  R= 135.713
i= 7 X=   14.416   28.330  R= 133.545
i= 8 X=   74.445   91.725  R= 154.824
i= 9 X=   -3.648 -188.808  R= 465.729
i=10 X=   97.216   29.517  R= 285.100
i=11 X=  -99.006   77.514  R= 328.857
i=12 X=  -21.051   91.626  R= 263.368

Energy matrix:

    0.000000     0.000000     0.000000     0.000000     0.000000     0.000000     0.000000     0.000000     0.000000     0.000000     0.000000     0.000000
    0.000000     0.000000     0.000000     0.000000     0.000000     0.000000     0.000000     0.000000     0.000000     0.000000     0.000000     0.000000
    0.000000     0.000000     0.000000     0.000000     0.000000     0.000000     0.000000     0.000000     0.000000     0.000000     0.000000     0.000000
    0.000000     0.000000     0.000000     0.000000     0.000000     0.000000     0.000000     0.000000     0.000000     0.000000     0.000000     0.000000
    0.000000     0.000000     0.000000     0.000000     0.000000     0.000000     0.000000     0.000000     0.000000     0.000000     0.000000     0.000000
    0.000000     0.000000     0.000000     0.000000     0.000000     0.000000     0.000000     0.000000     0.000000     0.000000     0.000000     0.000000
    0.000000     0.000000     0.000000     0.000000     0.000000     0.000000     0.000000     0.000000     0.000000     0.000000     0.000000     0.000000
    0.000000     0.000000     0.000000     0.000000     0.000000     0.000000     0.000000     0.000000     0.000000     0.000000     0.000000     0.000000
    0.000000     0.000000     0.000000     0.000000     0.000000     0.000000     0.000000     0.000000     0.000000     0.000000     0.000000     0.000000
    0.000000     0.000000     0.000000     0.000000     0.000000     0.000000     0.000000     0.000000     0.000000     0.000000     0.000000     0.000000
    0.000000     0.000000     0.000000     0.000000     0.000000     0.000000     0.000000     0.000000     0.000000     0.000000     0.000000     0.000000
    0.000000     0.000000     0.000000     0.000000     0.000000     0.000000     0.000000     0.000000     0.000000     0.000000     0.000000     0.000000

Total energy: 0.000000
Schedule: warmup_limit=100 anneal_limit=100 initial_temp=100.000 cooling_factor=0.800000 acceptance_scale=4.000
