Energy of initial configuration:     2.652
Count Temp.   E[1].   Eave.   Evar.  spheat
warmup -------  150.987   78.253   33.001    0.109

Incidence matrix:

0 0 0 0 1 1 1 1 1 1 1 1
0 0 0 0 1 1 1 1 1 1 1 1
0 0 0 0 1 1 1 1 1 1 1 1
0 0 0 0 1 1 1 1 1 1 1 1
0 0 0 0 0 0 0 0 1 1 1 1
0 0 0 0 0 0 0 0 1 1 1 1
0 0 0 0 0 0 0 0 1 1 1 1
0 0 0 0 0 0 0 0 1 1 1 1
0 0 0 0 0 0 0 0 0 0 0 0
0 0 0 0 0 0 0 0 0 0 0 0
0 0 0 0 0 0 0 0 0 0 0 0
0 0 0 0 0 0 0 0 0 0 0 0

dimension:  2

i= 1 X=   26.907  -76.094  R=  43.736
i= 2 X=    5.322    4.230  R=  65.209
i= 3 X=   45.553  -59.611  R=   1.000
i= 4 X=  -59.983  -52.461  R=  89.995
i= 5 X=   11.340  -22.308  R=  49.557
i= 6 X=   27.319  -74.142  R= 115.910
i= 7 X=   -2.909   34.623  R=  51.164
i= 8 X=  -53.235  279.602  R= 661.716
i= 9 X=  -23.193   -8.164  R=  23.846
i=10 X=   32.920   -2.790  R=  60.527
i=11 X=  129.741   27.350  R= 316.833
i=12 X= -139.895 -103.260  R= 154.073

Energy matrix:

    1.025807     0.000000     0.092708     0.000000     0.260615     0.000000     0.557006     0.000000     0.541749     0.294825     0.000000     0.304711
    0.000000     0.823926     0.000000     0.000000     0.222649     0.159462     0.236513     0.000000     0.380117     0.172232     0.000000     0.476878
    0.000000     0.000000     0.457546     0.000000     0.010702     0.000000     0.289850     0.000000     0.327341     0.000000     0.000000     0.194491
    0.000000     0.000000     0.000000     1.595485     0.612269     0.332641     0.742534     0.000000     0.644234     0.700272     0.000000     0.159020
    0.000000     0.000000     0.000000     0.000000     1.757444     0.062914     0.000000     1.576068     0.327385     0.094156     0.000000     0.348132
    0.000000     0.000000     0.000000     0.000000     0.000000     1.879738     0.000000     0.950597     0.911016     0.659440     0.000000     0.683405
    0.000000     0.000000     0.000000     0.000000     0.000000     0.000000     2.390789     1.872335     0.387858     0.220439     0.000000     0.475043
    0.000000     0.000000     0.000000     0.000000     0.000000     0.000000     0.000000    11.296393     5.145226     4.920087     3.414512     4.713961
    0.000000     0.000000     0.000000     0.000000     0.000000     0.000000     0.000000     0.000000     4.685633     0.000000     0.706339     0.000000
    0.000000     0.000000     0.000000     0.000000     0.000000     0.000000     0.000000     0.000000     0.000000     3.933029     0.804608     0.000000
    0.000000     0.000000     0.000000     0.000000     0.000000     0.000000     0.000000     0.000000     0.000000     0.000000     2.462730     0.000000
    0.000000     0.000000     0.000000     0.000000     0.000000     0.000000     0.000000     0.000000     0.000000     0.000000     0.000000     3.677821

Total energy: 35.986341
Schedule: warmup_limit=100 anneal_limit=100 initial_temp=100.000 cooling_factor=0.900000 acceptance_scale=4.000
